-0.200000 0.200000 -0.073905
0.000000 0.200000 0.005280
0.200000 0.200000 -0.073905
-0.200000 0.000000 0.005280
0.000000 0.000000 -0.034326
0.200000 0.000000 0.005280
-0.200000 -0.200000 -0.073905
0.000000 -0.200000 0.005280
0.200000 -0.200000 -0.073905
0.453553 0.453553 -0.074674
0.707107 0.707107 -0.000001
0.600000 0.000000 0.029533
1.000000 0.000000 0.000000
0.453553 -0.453553 -0.074674
0.707107 -0.707107 -0.000001
0.000000 -0.600000 0.029533
0.000000 -1.000000 0.000000
-0.453553 -0.453553 -0.074674
-0.707107 -0.707107 -0.000001
-0.600000 -0.000000 0.029533
-1.000000 -0.000000 0.000000
-0.453553 0.453553 -0.074674
-0.707107 0.707107 -0.000001
-0.000000 0.600000 0.029533
-0.000000 1.000000 0.000000
