-0.200000 0.200000 0.189971
0.000000 0.200000 -0.000000
0.200000 0.200000 -0.189971
-0.200000 0.000000 -0.075261
0.000000 0.000000 -0.000000
0.200000 0.000000 0.075261
-0.200000 -0.200000 0.189971
0.000000 -0.200000 -0.000000
0.200000 -0.200000 -0.189971
0.453553 0.453553 -0.180298
0.707107 0.707107 0.000000
0.600000 0.000000 0.106366
1.000000 0.000000 0.000000
0.453553 -0.453553 -0.180298
0.707107 -0.707107 -0.000000
0.000000 -0.600000 -0.000000
0.000000 -1.000000 0.000000
-0.453553 -0.453553 0.180298
-0.707107 -0.707107 -0.000000
-0.600000 -0.000000 -0.106366
-1.000000 -0.000000 -0.000000
-0.453553 0.453553 0.180298
-0.707107 0.707107 0.000000
-0.000000 0.600000 0.000000
-0.000000 1.000000 0.000000
